# group_id<TAB>neighbouring group ids (rectangles from zone_groups, margin -300 m)
1	3,5,6,19,36
2	3,8,18,22,30,40,129
3	1,2,5,6,8,18,20,30,36,40,129
4	9,30,39,95,129
5	1,3,6,19,30,36,40
6	1,3,5,19,36
7	9,11,13,14,16,24,30,95
8	2,3,18,20,22,27,30,39,40,129
9	4,7,11,12,24,30,95
10	18,21
11	7,9,12,14,15,16,23,24,25,30,95,99
12	9,11,16,17,24,25,30
13	7,14,95
14	7,11,13,15,16,23,24,95
15	11,14,16,23
16	7,11,12,14,15,17,23,24,25,99
17	12,16,25,30,36
18	2,3,8,10,21,22,36,129
19	1,5,6,36,80
20	3,8,30,40,129
21	10,18,22,36,129
22	2,8,18,21,26,27,30,39,93,129
23	11,14,15,16,99
24	7,9,11,12,14,16,30,95
25	11,12,16,17,30
26	22,27,39,93,129
27	8,22,26,39,93,129
30	2,3,4,5,7,8,9,11,12,17,20,22,24,25,36,39,40,129
36	1,3,5,6,17,18,19,21,30,40,59,60,79,80
39	4,8,22,26,27,30,95,108,129
40	2,3,5,8,20,30,36,129
45	84,154
46	50,51,52,58,83,87,88,92,105
49	121,135
50	46,51,52,58,77,83,87,88,92,105
51	46,50,52,58,83,87,88,92,105
52	46,50,51,58,77,83,87,88,89,92,105,132,158
58	46,50,51,52,83,87,88,92,105
59	36
60	36
62	94,135,158
64	94,135,158
77	50,52,87,88,105
79	36,80
80	19,36,79
83	46,50,51,52,58,87,88,92,105
84	45,154
87	46,50,51,52,58,77,83,88,92,105
88	46,50,51,52,58,77,83,87,89,92,105,132,158
89	52,88,94,105,132,135,158
92	46,50,51,52,58,83,87,88,105
93	22,26,27,129
94	62,64,89,130,131,132,135,136,150,158
95	4,7,9,11,13,14,24,39
97	122,131,135,136,137
99	11,16,23
105	46,50,51,52,58,77,83,87,88,89,92
108	39
121	49
122	97,131,135,137
129	2,3,4,8,18,20,21,22,26,27,30,39,40,93
130	94,135,158
131	94,97,122,135,136,137,155
132	52,88,89,94,135,158
135	49,62,64,89,94,97,122,130,131,132,136,137,141,150,155,158
136	94,97,131,135,137,158
137	97,122,131,135,136,155
141	135
150	94,135,158
154	45,84
155	131,135,137
158	52,62,64,88,89,94,130,132,135,136,150
